111111111111111111111111111111
100000000000100000000100000001
100000000000100000000111111101
111111111000101000100000000101
100000101000101000100000000101
100000101000111000100000000101
100100001000000000111111000101
100100001000000000100001000101
100111111000000000111101000101
100001001111111111100101000001
100001000000000000000101000001
100001000000000000000101000001
101001000111000111000001111001
101001000001000100000000001001
111001000001000111111111111001
100001111001000000000000001001
100001000001000000000000001001
100111000001000000000000001001
100001000111111111111111001001
100001000100000000000001001001
111001000100111111111111001001
100001000100000000000001000001
100001000100000000000001000001
100111000101111111111001000001
100000000101000000000001111111
100000000101000000000000100001
100000000111000000000000111001
100111111100000111111000000001
100000000000000100000000000001
111111111111111111111111111111