1 1
1 2
1 3
1 4
1 5
1 6
1 7
1 8
1 9
1 10
1 11
2 11
2 10
3 11
4 11
5 11
6 11
7 11
7 12
7 13
7 14
7 15
7 16
7 17
6 12
8 17
8 16
6 17
8 15
6 16
8 14
6 15
8 13
5 17
6 14
8 12
5 16
4 17
6 13
8 11
5 15
4 16
3 17
2 9
4 15
3 16
2 17
2 18
2 19
2 20
3 19
3 20
3 21
3 22
3 23
3 24
3 25
3 26
4 26
4 25
5 26
6 26
7 26
8 26
9 26
9 27
9 28
10 28
10 27
11 28
12 28
13 28
14 28
15 28
16 28
17 28
18 28
19 28
20 28
21 28
22 28
23 28
10 26
23 27
22 27
21 27
23 26
20 27
23 25
22 26
19 27
21 26
22 25
23 24
18 27
21 25
22 24
17 27
21 24
20 25
16 27
20 24
19 25
15 27
19 24
18 25
14 27
18 24
17 25
13 27
17 24
16 25
12 27
17 23
16 24
15 25
11 27
17 22
16 23
15 24
11 26
17 21
16 22
15 23
4 24
17 20
16 21
15 22
8 28
11 25
10 25
17 19
16 20
15 21
9 25
7 28
11 24
17 18
16 19
15 20
8 25
6 28
10 24
17 17
16 18
15 19
7 25
9 24
5 28
17 16
16 17
15 18
6 25
8 24
4 28
17 15
16 16
15 17
5 25
7 24
3 28
17 14
16 15
15 16
4 23
6 24
2 28
17 13
16 14
15 15
5 24
4 22
1 28
17 12
16 13
15 14
5 23
4 21
1 27
16 12
15 13
14 14
5 22
4 20
1 26
15 12
14 13
13 14
5 21
4 19
1 25
14 12
13 13
12 14
5 20
5 19
1 24
13 12
12 13
11 14
11 15
11 16
11 17
11 18
11 19
12 18
12 19
12 20
12 21
12 22
13 22
13 21
13 23
13 24
13 25
13 20
13 19
11 22
13 18
10 22
11 20
8 10
9 22
10 20
13 17
10 19
8 22
10 18
9 20
7 22
13 16
10 17
9 19
7 21
10 16
7 20
10 15
7 19
1 23
12 12
11 13
10 14
1 22
11 12
10 13
1 20
11 11
10 12
1 19
11 10
10 11
1 18
11 9
10 10
7 10
11 8
10 9
12 8
13 8
13 9
13 10
14 10
14 9
15 10
16 10
17 10
14 8
17 9
16 9
15 9
17 8
18 8
19 8
20 8
21 8
22 8
23 8
24 8
25 8
26 8
16 8
26 7
25 7
24 7
26 6
23 7
26 5
25 6
22 7
24 6
26 4
25 5
21 7
23 6
24 5
26 3
25 4
20 7
22 6
24 4
26 2
25 3
27 2
28 2
28 3
28 4
28 5
28 6
28 7
28 8
28 9
28 10
28 11
28 12
28 13
28 14
19 7
27 14
27 13
27 12
26 14
26 15
26 16
26 17
26 18
26 19
26 20
26 21
26 22
26 23
27 21
27 23
27 24
27 25
27 26
27 27
27 28
28 27
28 26
28 28
