1 1
1 2
2 1
1 3
2 2
1 4
2 3
1 5
2 4
1 6
2 5
1 7
2 6
1 8
2 7
1 9
2 8
1 10
2 9
1 11
2 10
3 9
2 11
3 10
4 9
3 11
4 10
5 9
4 11
5 10
6 9
5 11
6 10
7 9
6 11
7 10
8 9
7 11
6 12
8 10
7 12
8 11
6 13
7 13
8 12
6 14
7 14
8 13
6 15
7 15
8 14
6 16
5 15
7 16
8 15
6 17
5 16
4 15
7 17
8 16
5 17
4 16
3 15
8 17
4 17
3 16
2 15
3 17
2 16
2 14
1 15
2 17
1 16
2 13
1 14
1 17
2 18
1 13
3 13
1 18
2 19
4 13
1 19
2 20
3 19
1 20
3 20
4 19
3 21
4 20
5 19
3 22
4 21
5 20
3 23
4 22
5 21
3 24
4 23
5 22
3 25
4 24
5 23
3 26
4 25
5 24
4 26
5 25
6 24
5 26
6 25
7 24
6 26
7 25
8 24
7 26
8 25
9 24
8 26
9 25
10 24
9 26
10 25
11 24
9 27
10 26
11 25
9 28
10 27
11 26
8 28
10 28
11 27
7 28
11 28
12 27
6 28
12 28
13 27
5 28
13 28
14 27
4 28
14 28
15 27
3 28
15 28
16 27
2 28
16 28
17 27
1 28
17 28
18 27
1 27
18 28
19 27
1 26
19 28
20 27
1 25
20 28
21 27
1 24
21 28
21 26
22 27
1 23
22 28
21 25
22 26
23 27
1 22
23 28
21 24
20 25
22 25
23 26
20 24
22 24
19 25
23 25
19 24
23 24
18 25
18 24
17 25
17 24
16 25
17 23
16 24
15 25
17 22
16 23
15 24
17 21
16 22
15 23
17 20
16 21
15 22
17 19
16 20
15 21
17 18
16 19
15 20
17 17
16 18
15 19
17 16
16 17
15 18
17 15
16 16
15 17
17 14
16 15
15 16
17 13
16 14
15 15
17 12
16 13
15 14
16 12
15 13
14 14
15 12
14 13
13 14
14 12
13 13
12 14
13 12
12 13
11 14
12 12
11 13
10 14
11 15
11 12
10 13
10 15
11 16
11 11
10 12
10 16
11 17
11 10
10 11
10 17
11 18
11 9
10 10
10 18
11 19
12 18
11 8
10 9
10 19
12 19
11 20
13 18
11 7
10 8
12 8
10 20
9 19
12 20
13 19
13 17
11 6
10 7
12 7
13 8
9 20
12 21
13 20
13 16
10 6
12 6
9 7
13 7
13 9
14 8
12 22
13 21
9 6
13 6
14 7
13 10
14 9
11 22
13 22
14 6
14 10
15 9
10 22
13 23
15 10
16 9
9 22
13 24
16 10
16 8
17 9
8 22
13 25
17 10
16 7
17 8
7 22
16 6
17 7
18 8
7 21
17 6
18 7
19 8
7 20
18 6
19 7
20 8
7 19
19 6
20 7
21 8
20 6
21 7
22 8
21 6
22 7
23 8
22 6
23 7
24 8
23 6
24 7
25 8
24 6
25 7
26 8
24 5
25 6
26 7
24 4
25 5
26 6
24 3
25 4
26 5
24 2
25 3
26 4
24 1
23 2
25 2
26 3
23 1
25 1
22 2
26 2
22 1
26 1
21 2
22 3
27 2
21 1
27 1
21 3
22 4
28 2
28 1
21 4
20 3
28 3
20 4
19 3
28 4
19 4
19 2
18 3
28 5
18 4
19 1
18 2
28 6
18 1
17 2
28 7
17 1
16 2
28 8
16 1
16 3
15 2
28 9
15 1
16 4
15 3
28 10
15 4
14 3
28 11
27 10
14 4
13 3
28 12
27 11
13 4
12 3
28 13
27 12
12 4
11 3
28 14
27 13
26 12
11 4
11 2
10 3
27 14
26 13
25 12
10 4
11 1
10 2
9 3
26 14
25 13
24 12
9 4
10 1
12 1
9 2
26 15
25 14
24 13
9 1
13 1
8 2
26 16
25 15
24 14
8 1
7 2
26 17
25 16
24 15
7 1
6 2
26 18
25 17
24 16
6 1
5 2
26 19
25 18
24 17
5 1
4 2
5 3
26 20
25 19
24 18
4 1
4 3
5 4
26 21
25 20
24 19
4 4
5 5
6 4
26 22
25 21
27 21
24 20
4 5
6 5
7 4
26 23
25 22
27 22
24 21
28 21
6 6
7 5
25 23
27 23
24 22
28 22
23 21
28 20
6 7
7 6
27 24
28 23
23 22
22 21
28 19
5 7
7 7
27 25
28 24
22 22
22 20
21 21
28 18
4 7
27 26
28 25
21 22
22 19
21 20
28 17
27 27
28 26
22 18
21 19
28 16
27 28
26 27
28 27
22 17
21 18
26 28
28 28
