1 1
2 1
2 2
2 3
2 4
2 5
2 6
2 7
2 8
2 9
3 9
4 9
5 9
6 9
7 9
8 9
8 10
8 11
8 12
8 13
8 14
8 15
8 16
8 17
7 17
6 17
5 17
4 17
3 17
2 17
2 16
1 16
1 17
1 18
2 18
2 19
3 19
4 19
5 19
5 20
5 21
5 22
5 23
5 24
6 24
7 24
8 24
9 24
10 24
11 24
11 25
11 26
11 27
12 27
13 27
14 27
15 27
16 27
17 27
18 27
19 27
20 27
21 27
21 28
22 28
22 27
22 26
23 26
23 27
23 28
23 25
23 24
22 24
22 25
21 25
20 25
19 25
18 25
17 25
16 25
15 25
15 24
15 23
15 22
15 21
15 20
15 19
15 18
15 17
15 16
15 15
15 14
14 14
13 14
12 14
11 14
11 15
11 16
11 17
11 18
12 18
13 18
13 17
13 16
13 19
13 20
13 21
13 22
13 23
13 24
13 25
12 22
11 22
10 22
9 22
8 22
7 22
7 21
7 20
7 19
12 21
12 20
11 20
11 19
12 19
10 19
9 19
9 20
10 20
10 18
10 17
10 16
10 15
10 14
10 13
10 12
10 11
10 10
10 9
10 8
10 7
9 7
9 6
10 6
11 6
12 6
13 6
14 6
14 7
14 8
14 9
15 9
16 9
17 9
17 10
16 10
15 10
14 10
13 10
13 9
13 8
13 7
12 7
12 8
11 8
11 7
11 9
11 10
11 11
11 12
11 13
12 13
12 12
13 12
13 13
14 13
14 12
15 12
15 13
16 13
16 14
16 15
16 16
16 17
16 18
16 19
16 20
16 21
16 22
16 23
16 24
17 24
17 23
17 22
17 21
17 20
17 19
17 18
17 17
17 16
17 15
17 14
17 13
17 12
16 12
18 24
19 24
20 24
21 24
17 8
18 8
19 8
20 8
21 8
22 8
23 8
24 8
25 8
25 7
25 6
25 5
25 4
25 3
26 3
26 4
26 5
26 6
26 7
26 8
26 2
27 2
28 2
28 3
28 4
28 5
28 6
28 7
28 8
28 9
28 10
27 10
27 11
27 12
26 12
25 12
24 12
24 13
24 14
24 15
24 16
24 17
24 18
24 19
24 20
24 21
23 21
22 21
22 22
21 22
21 21
21 20
21 19
21 18
21 17
21 16
21 15
21 14
21 13
21 12
21 11
20 11
19 11
19 12
19 13
19 14
19 15
19 16
19 17
19 18
19 19
19 20
19 21
19 22
19 10
20 10
21 10
22 10
23 10
24 10
25 10
22 11
22 12
22 13
22 14
22 15
22 16
22 17
22 18
22 19
22 20
23 22
24 22
25 22
25 21
25 20
25 19
25 18
25 17
25 16
25 15
25 14
25 13
26 13
26 14
26 15
26 16
26 17
26 18
26 19
26 20
26 21
27 21
28 21
28 20
28 19
28 18
28 17
28 16
28 22
28 23
28 24
28 25
28 26
28 27
28 28
